<?xml version="1.0"?>
<opencv_storage>
<calibration_Time>"Thu Mar  8 09:29:57 2018"</calibration_Time>
<nrOfFrames>25</nrOfFrames>
<image_Width>640</image_Width>
<image_Height>480</image_Height>
<board_Width>7</board_Width>
<board_Height>5</board_Height>
<square_Size>30.</square_Size>
<FixAspectRatio>1.</FixAspectRatio>
<!-- flags:  +fix_aspectRatio +fix_principal_point +zero_tangent_dist -->
<flagValue>14</flagValue>
<Camera_Matrix type_id="opencv-matrix">
  <rows>3</rows>
  <cols>3</cols>
  <dt>d</dt>
  <data>
    6.1151545899116400e+02 0. 320. 0. 6.1151545899116400e+02 240. 0. 0.
    1.</data></Camera_Matrix>
<Distortion_Coefficients type_id="opencv-matrix">
  <rows>5</rows>
  <cols>1</cols>
  <dt>d</dt>
  <data>
    -3.9032903848940875e-01 1.0258153077454253e+00 0. 0.
    -4.4863892445132452e+00</data></Distortion_Coefficients>
<Avg_Reprojection_Error>4.9681555479045747e-01</Avg_Reprojection_Error>
<Per_View_Reprojection_Errors type_id="opencv-matrix">
  <rows>25</rows>
  <cols>1</cols>
  <dt>f</dt>
  <data>
    3.51267576e-01 3.59601200e-01 3.93452764e-01 4.54385579e-01
    6.38648987e-01 4.76914674e-01 5.04757404e-01 5.40241122e-01
    5.79685509e-01 5.45134902e-01 5.18518090e-01 5.07893741e-01
    5.03059328e-01 4.64637697e-01 4.26949322e-01 4.56472576e-01
    4.35823143e-01 4.51034009e-01 4.62802082e-01 4.88038331e-01
    4.93079334e-01 5.15500188e-01 5.57722926e-01 5.75094044e-01
    5.98897278e-01</data></Per_View_Reprojection_Errors>
<!-- a set of 6-tuples (rotation vector + translation vector) for each view -->
<Extrinsic_Parameters type_id="opencv-matrix">
  <rows>25</rows>
  <cols>6</cols>
  <dt>d</dt>
  <data>
    -6.8895074038530346e-01 1.9987327969607144e-02
    -1.1173141093499419e-02 -1.0495573105309269e+02
    -8.4293935192660626e+01 5.9758214609485140e+02
    -6.8888125490866225e-01 1.9657892266152905e-02
    -1.1173686510830816e-02 -1.0496621347672342e+02
    -8.4308176082131737e+01 5.9746613811018256e+02
    -6.7104645335298529e-01 2.4124872933318501e-02
    -1.1682677431485886e-02 -1.0498988008474301e+02
    -8.5439467452512844e+01 5.9424563842394264e+02
    -3.6751409162804466e-01 7.5678684723563511e-02
    -5.7813283921474910e-04 -1.0312886530767024e+02
    -9.7759672886605856e+01 5.5997124698337382e+02
    -2.2414714315010573e-01 9.8738722956797989e-02
    -2.9737694117395463e-03 -1.0001986988504984e+02
    -9.7404929664277930e+01 5.3908122358132016e+02
    3.6022941288155630e-01 1.3476156182211302e-01
    -4.3800693960822604e-02 -1.0436689427796088e+02
    -7.2362759425026638e+01 4.3358750011947490e+02
    5.4834459621638920e-01 1.3167397691835214e-01
    -5.7407864625660276e-02 -1.0869469809440146e+02
    -5.6505953732018611e+01 4.0246773456012727e+02
    5.6560183439914102e-01 1.3084631166570543e-01
    -5.8469187458951584e-02 -1.0909646590103010e+02
    -5.4559790074624992e+01 3.9916289444092939e+02
    5.9011853813048987e-01 1.3019441922606304e-01
    -6.0275900065127820e-02 -1.0958399764475401e+02
    -5.2063204098935593e+01 3.9538122409882914e+02
    6.0018885442178127e-01 1.2979984930483690e-01
    -6.1081859623833563e-02 -1.0973018936115140e+02
    -5.1110826076912232e+01 3.9413875412763508e+02
    5.6682636109715212e-01 1.3052443128285568e-01
    -5.8452272559472489e-02 -1.0898852021398464e+02
    -5.4654246615695747e+01 3.9936128145295896e+02
    5.4841293168185457e-01 1.3172919105804762e-01
    -5.7404399178948455e-02 -1.0868389629391783e+02
    -5.6510118405087560e+01 4.0251727896371239e+02
    5.1807862423989326e-01 1.3309429120071065e-01
    -5.5317092686461476e-02 -1.0803007287582109e+02
    -5.9535848924305654e+01 4.0736000044838664e+02
    4.5397235482832277e-01 1.4171439389850177e-01
    -5.3072063078707467e-02 -1.0887763622450629e+02
    -6.5941330340093884e+01 4.1790362444856851e+02
    3.9209394419099663e-01 1.9184943012467184e-01
    -1.0085084564904828e-01 -1.1845283925045122e+02
    -7.9900316497763868e+01 4.2682289561229629e+02
    3.4511053215630311e-01 2.2580643798222275e-01
    -1.0343130399374564e-01 -1.2028263295486430e+02
    -8.3241291546554805e+01 4.2962625585594003e+02
    3.4485579945952216e-01 2.4247586029902318e-01
    -1.0672106014031831e-01 -1.2244048608168454e+02
    -8.3355522472229893e+01 4.2628212875004920e+02
    3.4669059423623710e-01 2.6396369642430656e-01
    -1.1456369557096134e-01 -1.2625556430447759e+02
    -8.3891335771827528e+01 4.2210060969240971e+02
    3.5907363717659202e-01 2.7697351035135409e-01
    -1.1761086777260760e-01 -1.2884041970765196e+02
    -8.3031758848191203e+01 4.1861750373142576e+02
    4.1724161931262144e-01 2.7898474307561916e-01
    -1.2815613752885277e-01 -1.3263893469278233e+02
    -7.8732065349436880e+01 4.0736442714678202e+02
    4.5331696128074472e-01 2.8946409039938953e-01
    -1.3150775711700705e-01 -1.3525217759385291e+02
    -7.4937943569344171e+01 3.9951189027026459e+02
    4.7362190345940747e-01 2.9284008513926985e-01
    -1.2557248539366422e-01 -1.3480267429976632e+02
    -7.1289275321223201e+01 3.9573773011339227e+02
    5.1349185319333202e-01 2.8385663804299555e-01
    -1.1920654749111118e-01 -1.3346131902699267e+02
    -6.5437843896985427e+01 3.9067263301737796e+02
    5.6767630830370974e-01 2.6816236965351647e-01
    -1.1524975873333911e-01 -1.3236497391259653e+02
    -5.8481492409894656e+01 3.8457757706853272e+02
    6.1761927943066341e-01 2.4682484589279374e-01
    -1.1235432550279900e-01 -1.3049111898826854e+02
    -5.2192751239076387e+01 3.8034202196185100e+02</data></Extrinsic_Parameters>
